~o
<STREAMINFO> 1 13
<VECSIZE> 13<NULLD><MFCC_Z_0><DIAGC>
~h "hmmF"
<BEGINHMM>
<NUMSTATES> 3
<STATE> 2
<MEAN> 13
 0.000000e+00 0.000000e+00 0.000000e+00 0.000000e+00 0.000000e+00 0.000000e+00 0.000000e+00 0.000000e+00 0.000000e+00 0.000000e+00 0.000000e+00 0.000000e+00 0.000000e+00
<VARIANCE> 13
 1.267980e+01 3.655356e+00 2.201019e+00 1.161849e+00 9.215741e-01 6.454564e-01 5.731758e-01 4.530470e-01 4.213259e-01 2.996142e-01 2.634890e-01 1.958314e-01 1.406426e+02
<GCONST> 2.671212e+01
<TRANSP> 3
 0.000000e+00 1.000000e+00 0.000000e+00
 0.000000e+00 5.000000e-01 5.000000e-01
 0.000000e+00 0.000000e+00 0.000000e+00
<ENDHMM>
