~o
<STREAMINFO> 1 13
<VECSIZE> 13<NULLD><MFCC_Z_0><DIAGC>
~h "hmmH"
<BEGINHMM>
<NUMSTATES> 3
<STATE> 2
<MEAN> 13
 7.465837e-09 7.245248e-10 -4.007979e-09 4.608137e-09 -4.791740e-09 6.549526e-10 1.584557e-09 -4.354193e-10 -4.809682e-10 1.530147e-09 2.411949e-10 -5.672152e-11 -6.204750e-08
<VARIANCE> 13
 1.267978e+01 3.655337e+00 2.201023e+00 1.161851e+00 9.215745e-01 6.454550e-01 5.731766e-01 4.530471e-01 4.213253e-01 2.996161e-01 2.634880e-01 1.958321e-01 1.406411e+02
<GCONST> 2.671211e+01
<TRANSP> 3
 0.000000e+00 1.000000e+00 0.000000e+00
 0.000000e+00 9.974307e-01 2.569229e-03
 0.000000e+00 0.000000e+00 0.000000e+00
<ENDHMM>
