~o
<STREAMINFO> 1 13
<VECSIZE> 13<NULLD><MFCC_Z_0><DIAGC>
~h "hmmF"
<BEGINHMM>
<NUMSTATES> 3
<STATE> 2
<MEAN> 13
 -1.536071e-08 7.390665e-09 -5.833428e-09 4.330259e-09 -1.110653e-09 -2.640724e-09 1.778568e-09 5.314849e-11 2.102158e-09 -2.838035e-09 -6.108178e-10 6.725320e-11 1.481230e-07
<VARIANCE> 13
 1.525527e+01 6.528094e+00 3.405720e+00 1.366111e+00 1.066040e+00 6.619354e-01 6.797824e-01 5.294352e-01 3.907265e-01 3.900029e-01 2.312449e-01 2.127640e-01 3.748755e+02
<GCONST> 2.969370e+01
<TRANSP> 3
 0.000000e+00 1.000000e+00 0.000000e+00
 0.000000e+00 9.974849e-01 2.515081e-03
 0.000000e+00 0.000000e+00 0.000000e+00
<ENDHMM>
