~o
<STREAMINFO> 1 13
<VECSIZE> 13<NULLD><MFCC_Z_0><DIAGC>
~h "hmmH"
<BEGINHMM>
<NUMSTATES> 3
<STATE> 2
<MEAN> 13
 -8.328641e-10 -3.597504e-10 -2.383914e-10 2.356764e-09 -1.657336e-09 -1.234490e-10 4.923810e-10 -8.785928e-11 -2.695900e-10 4.048574e-11 2.464255e-10 6.581075e-10 -8.405733e-08
<VARIANCE> 13
 1.236617e+01 3.301115e+00 2.055235e+00 1.138582e+00 9.049015e-01 6.443657e-01 5.608935e-01 4.441089e-01 4.256261e-01 2.888625e-01 2.680259e-01 1.939440e-01 1.117326e+02
<GCONST> 2.618572e+01
<TRANSP> 3
 0.000000e+00 1.000000e+00 0.000000e+00
 0.000000e+00 9.974240e-01 2.576016e-03
 0.000000e+00 0.000000e+00 0.000000e+00
<ENDHMM>
