~o
<STREAMINFO> 1 13
<VECSIZE> 13<NULLD><MFCC_Z_0><DIAGC>
~h "hmmF"
<BEGINHMM>
<NUMSTATES> 3
<STATE> 2
<MEAN> 13
 -2.032329e-08 5.418319e-09 2.262791e-09 -1.216554e-10 8.716582e-10 6.255442e-10 5.637635e-10 -6.274504e-10 4.997402e-10 -1.434300e-09 -6.817187e-10 5.892158e-11 -2.900534e-08
<VARIANCE> 13
 1.525548e+01 6.528071e+00 3.405708e+00 1.366117e+00 1.066056e+00 6.619378e-01 6.797890e-01 5.294347e-01 3.907305e-01 3.900056e-01 2.312453e-01 2.127633e-01 3.748776e+02
<GCONST> 2.969376e+01
<TRANSP> 3
 0.000000e+00 1.000000e+00 0.000000e+00
 0.000000e+00 5.000000e-01 5.000000e-01
 0.000000e+00 0.000000e+00 0.000000e+00
<ENDHMM>
