~o
<STREAMINFO> 1 13
<VECSIZE> 13<NULLD><MFCC_Z_0><DIAGC>
~h "hmmH"
<BEGINHMM>
<NUMSTATES> 3
<STATE> 2
<MEAN> 13
 9.972957e-10 -3.148186e-10 -1.657304e-09 3.815224e-10 -3.967923e-10 1.900441e-10 1.264898e-10 3.605017e-10 2.625128e-11 1.216952e-11 2.954078e-10 1.981923e-10 -2.155041e-08
<VARIANCE> 13
 1.236619e+01 3.301124e+00 2.055242e+00 1.138590e+00 9.049087e-01 6.443674e-01 5.608958e-01 4.441123e-01 4.256299e-01 2.888617e-01 2.680257e-01 1.939433e-01 1.117335e+02
<GCONST> 2.618577e+01
<TRANSP> 3
 0.000000e+00 1.000000e+00 0.000000e+00
 0.000000e+00 5.000000e-01 5.000000e-01
 0.000000e+00 0.000000e+00 0.000000e+00
<ENDHMM>
